After Gaussian elimination: 
1  0  0  0  0  1  0  0  0  0  1  0  0  0  0  0  0  0  0  0  0  0  0  0  
0  1  0  0  0  -1  0  0  0  0  -1  0  0  0  0  0  0  0  0  0  0  0  0  0  
0  0  1  0  0  0  0  1  0  0  0  1  0  0  0  0  0  0  0  0  0  0  0  0  
0  0  0  1  0  1  0  -1  0  0  1  -1  0  0  0  0  0  0  0  0  0  0  0  0  
0  0  0  0  1  0  0  1  0  0  0  1  0  0  0  0  0  0  0  0  0  0  0  0  
0  0  0  0  0  0  1  0  0  0  -1  0  0  0  0  0  0  0  0  0  0  0  0  0  
0  0  0  0  0  0  0  0  1  0  1  -1  0  0  0  0  0  0  0  0  0  0  0  0  
0  0  0  0  0  0  0  0  0  1  0  1  0  0  0  0  0  0  0  0  0  0  0  0  
0  0  0  0  0  0  0  0  0  0  0  0  1  0  0  0  0  1  0  0  0  0  1  0  
0  0  0  0  0  0  0  0  0  0  0  0  0  1  0  0  0  -1  0  0  0  0  -1  0  
0  0  0  0  0  0  0  0  0  0  0  0  0  0  1  0  0  0  0  1  0  0  0  1  
0  0  0  0  0  0  0  0  0  0  0  0  0  0  0  1  0  1  0  -1  0  0  1  -1  
0  0  0  0  0  0  0  0  0  0  0  0  0  0  0  0  1  0  0  1  0  0  0  1  
0  0  0  0  0  0  0  0  0  0  0  0  0  0  0  0  0  0  1  0  0  0  -1  0  
0  0  0  0  0  0  0  0  0  0  0  0  0  0  0  0  0  0  0  0  1  0  1  -1  
0  0  0  0  0  0  0  0  0  0  0  0  0  0  0  0  0  0  0  0  0  1  0  1  
0  0  0  0  0  0  0  0  0  0  0  0  0  0  0  0  0  0  0  0  0  0  0  0  
0  0  0  0  0  0  0  0  0  0  0  0  0  0  0  0  0  0  0  0  0  0  0  0  

Basis Vector is: 
-1  1  -0  -1  -0  1  -0  0  -0  -0  0  0  -0  -0  -0  -0  -0  0  -0  0  -0  -0  0  0  

Basis Vector is: 
-0  -0  -1  1  -1  0  -0  1  -0  -0  0  0  -0  -0  -0  -0  -0  0  -0  0  -0  -0  0  0  

Basis Vector is: 
-1  1  -0  -1  -0  0  1  0  -1  -0  1  0  -0  -0  -0  -0  -0  0  -0  0  -0  -0  0  0  

Basis Vector is: 
-0  -0  -1  1  -1  0  -0  0  1  -1  0  1  -0  -0  -0  -0  -0  0  -0  0  -0  -0  0  0  

Basis Vector is: 
-0  -0  -0  -0  -0  0  -0  0  -0  -0  0  0  -1  1  -0  -1  -0  1  -0  0  -0  -0  0  0  

Basis Vector is: 
-0  -0  -0  -0  -0  0  -0  0  -0  -0  0  0  -0  -0  -1  1  -1  0  -0  1  -0  -0  0  0  

Basis Vector is: 
-0  -0  -0  -0  -0  0  -0  0  -0  -0  0  0  -1  1  -0  -1  -0  0  1  0  -1  -0  1  0  

Basis Vector is: 
-0  -0  -0  -0  -0  0  -0  0  -0  -0  0  0  -0  -0  -1  1  -1  0  -0  0  1  -1  0  1  


The permutations are: 
1  1  0  0  0  0  0  0  0  0  0  0  0  0  0  0  0  0  0  0  0  0  0  0  
-1  0  1  1  0  0  0  0  0  0  0  0  0  0  0  0  0  0  0  0  0  0  0  0  
0  0  -1  0  1  0  0  0  0  0  0  0  0  0  0  0  0  0  0  0  0  0  0  0  
0  -1  0  0  0  1  1  0  0  0  0  0  0  0  0  0  0  0  0  0  0  0  0  0  
0  0  0  -1  0  -1  0  1  1  0  0  0  0  0  0  0  0  0  0  0  0  0  0  0  
0  0  0  0  -1  0  0  -1  0  1  0  0  0  0  0  0  0  0  0  0  0  0  0  0  
0  0  0  0  0  0  -1  0  0  0  1  0  0  0  0  0  0  0  0  0  0  0  0  0  
0  0  0  0  0  0  0  0  -1  0  -1  1  0  0  0  0  0  0  0  0  0  0  0  0  
0  0  0  0  0  0  0  0  0  -1  0  -1  0  0  0  0  0  0  0  0  0  0  0  0  
0  0  0  0  0  0  0  0  0  0  0  0  1  1  0  0  0  0  0  0  0  0  0  0  
0  0  0  0  0  0  0  0  0  0  0  0  -1  0  1  1  0  0  0  0  0  0  0  0  
0  0  0  0  0  0  0  0  0  0  0  0  0  0  -1  0  1  0  0  0  0  0  0  0  
0  0  0  0  0  0  0  0  0  0  0  0  0  -1  0  0  0  1  1  0  0  0  0  0  
0  0  0  0  0  0  0  0  0  0  0  0  0  0  0  -1  0  -1  0  1  1  0  0  0  
0  0  0  0  0  0  0  0  0  0  0  0  0  0  0  0  -1  0  0  -1  0  1  0  0  
0  0  0  0  0  0  0  0  0  0  0  0  0  0  0  0  0  0  -1  0  0  0  1  0  
0  0  0  0  0  0  0  0  0  0  0  0  0  0  0  0  0  0  0  0  -1  0  -1  1  
0  0  0  0  0  0  0  0  0  0  0  0  0  0  0  0  0  0  0  0  0  -1  0  -1  

The diagonals are: 
Diag_0 is 

Diag_1 is 

Diag_2 is 

Diag_3 is 

Diag_4 is 

Diag_5 is 

Diag_6 is 

Diag_7 is 

Diag_8 is 

Diag_9 is 

Diag_10 is 

Diag_11 is 

Diag_12 is 

Diag_13 is 

Diag_14 is 

Diag_15 is 

Diag_16 is 

Diag_17 is 

Diag_18 is 

Diag_19 is 

Diag_20 is 

Diag_21 is 

Diag_22 is 

Diag_23 is 


The coefficients are: 
(-1,0)  
(-1,0)  
(-1,0)  
(-1,0)  
(-1,0)  
(-1,0)  
(-1,0)  
(-1,0)  
(-1,0)  
(-1,0)  
(-1,0)  
(-1,0)  
(-1,0)  
(-1,0)  
(-1,0)  
(-1,0)  
(-1,0)  
(-1,0)  
(-1,0)  
(-1,0)  
(-1,0)  
(-1,0)  
(-1,0)  
(-1,0)  

The purely diagonal terms are: 
0  9  
1  10  
2  11  
3  12  
4  13  
5  14  
6  15  
7  16  
8  17  

The coefficient for the purely diagonal are: 
(1,0)
(1,0)
(1,0)
(1,0)
(1,0)
(1,0)
(1,0)
(1,0)
(1,0)

The cycles are before minimization: 
-1  0  -1  0  0  0  0  0  
1  0  1  0  0  0  0  0  
0  -1  0  -1  0  0  0  0  
-1  1  -1  1  0  0  0  0  
0  -1  0  -1  0  0  0  0  
1  0  0  0  0  0  0  0  
0  0  1  0  0  0  0  0  
0  1  0  0  0  0  0  0  
0  0  -1  1  0  0  0  0  
0  0  0  -1  0  0  0  0  
0  0  1  0  0  0  0  0  
0  0  0  1  0  0  0  0  
0  0  0  0  -1  0  -1  0  
0  0  0  0  1  0  1  0  
0  0  0  0  0  -1  0  -1  
0  0  0  0  -1  1  -1  1  
0  0  0  0  0  -1  0  -1  
0  0  0  0  1  0  0  0  
0  0  0  0  0  0  1  0  
0  0  0  0  0  1  0  0  
0  0  0  0  0  0  -1  1  
0  0  0  0  0  0  0  -1  
0  0  0  0  0  0  1  0  
0  0  0  0  0  0  0  1  

The cycles after minimization are: 
-1  0  0  0  0  0  0  0  
1  0  0  0  0  0  0  0  
0  -1  0  0  0  0  0  0  
-1  1  0  0  0  0  0  0  
0  -1  0  0  0  0  0  0  
1  0  0  0  -1  0  0  0  
0  0  0  0  1  0  0  0  
0  1  0  0  0  -1  0  0  
0  0  0  0  -1  1  0  0  
0  0  0  0  0  -1  0  0  
0  0  0  0  1  0  0  0  
0  0  0  0  0  1  0  0  
0  0  -1  0  0  0  0  0  
0  0  1  0  0  0  0  0  
0  0  0  -1  0  0  0  0  
0  0  -1  1  0  0  0  0  
0  0  0  -1  0  0  0  0  
0  0  1  0  0  0  -1  0  
0  0  0  0  0  0  1  0  
0  0  0  1  0  0  0  -1  
0  0  0  0  0  0  -1  1  
0  0  0  0  0  0  0  -1  
0  0  0  0  0  0  1  0  
0  0  0  0  0  0  0  1  
